
size: 	 3136 	 iterations: 	 2000 	 threads: 	 1 	 time: 	 0.050563 	 seconds
size: 	 3136 	 iterations: 	 2000 	 threads: 	 2 	 time: 	 0.031726 	 seconds
size: 	 3136 	 iterations: 	 2000 	 threads: 	 4 	 time: 	 0.019666 	 seconds
size: 	 3136 	 iterations: 	 2000 	 threads: 	 8 	 time: 	 0.133946 	 seconds
