
size: 	 25600 	 iterations: 	 2000 	 threads: 	 1 	 time: 	 0.459355 	 seconds
size: 	 25600 	 iterations: 	 2000 	 threads: 	 2 	 time: 	 0.237998 	 seconds
size: 	 25600 	 iterations: 	 2000 	 threads: 	 4 	 time: 	 0.126575 	 seconds
size: 	 25600 	 iterations: 	 2000 	 threads: 	 8 	 time: 	 0.319258 	 seconds
