
size: 	 64 	 iterations: 	 2000 	 threads: 	 1 	 time: 	 0.002234 	 seconds
size: 	 64 	 iterations: 	 2000 	 threads: 	 2 	 time: 	 0.007084 	 seconds
size: 	 64 	 iterations: 	 2000 	 threads: 	 4 	 time: 	 0.006996 	 seconds
size: 	 64 	 iterations: 	 2000 	 threads: 	 8 	 time: 	 0.116222 	 seconds
