
size: 	 6400 	 iterations: 	 2000 	 threads: 	 1 	 time: 	 0.105563 	 seconds
size: 	 6400 	 iterations: 	 2000 	 threads: 	 2 	 time: 	 0.058475 	 seconds
size: 	 6400 	 iterations: 	 2000 	 threads: 	 4 	 time: 	 0.045695 	 seconds
size: 	 6400 	 iterations: 	 2000 	 threads: 	 8 	 time: 	 0.191788 	 seconds
