
size: 	 256 	 iterations: 	 2000 	 threads: 	 1 	 time: 	 0.005449 	 seconds
size: 	 256 	 iterations: 	 2000 	 threads: 	 2 	 time: 	 0.008017 	 seconds
size: 	 256 	 iterations: 	 2000 	 threads: 	 4 	 time: 	 0.007854 	 seconds
size: 	 256 	 iterations: 	 2000 	 threads: 	 8 	 time: 	 0.118239 	 seconds
