
size: 	 1638400 	 iterations: 	 2000 	 threads: 	 1 	 time: 	 48.099003 	 seconds
size: 	 1638400 	 iterations: 	 2000 	 threads: 	 2 	 time: 	 26.712408 	 seconds
size: 	 1638400 	 iterations: 	 2000 	 threads: 	 4 	 time: 	 15.247241 	 seconds
size: 	 1638400 	 iterations: 	 2000 	 threads: 	 8 	 time: 	 15.738008 	 seconds
