
size: 	 25600 	 iterations: 	 2000 	 threads 	 1 	 time: 	 0.054223 	 seconds
size: 	 25600 	 iterations: 	 2000 	 threads 	 2 	 time: 	 0.033867 	 seconds
size: 	 25600 	 iterations: 	 2000 	 threads 	 4 	 time: 	 0.034024 	 seconds
size: 	 25600 	 iterations: 	 2000 	 threads 	 8 	 time: 	 0.137821 	 seconds
