
size: 	 12544 	 iterations: 	 2000 	 threads 	 1 	 time: 	 0.029865 	 seconds
size: 	 12544 	 iterations: 	 2000 	 threads 	 2 	 time: 	 0.021062 	 seconds
size: 	 12544 	 iterations: 	 2000 	 threads 	 4 	 time: 	 0.018561 	 seconds
size: 	 12544 	 iterations: 	 2000 	 threads 	 8 	 time: 	 0.120868 	 seconds
