
size: 	 1638400 	 iterations: 	 2000 	 threads 	 1 	 time: 	 7.441547 	 seconds
size: 	 1638400 	 iterations: 	 2000 	 threads 	 2 	 time: 	 4.222337 	 seconds
size: 	 1638400 	 iterations: 	 2000 	 threads 	 4 	 time: 	 3.656417 	 seconds
size: 	 1638400 	 iterations: 	 2000 	 threads 	 8 	 time: 	 4.397796 	 seconds
