
size: 	 256 	 iterations: 	 2000 	 threads 	 1 	 time: 	 0.001645 	 seconds
size: 	 256 	 iterations: 	 2000 	 threads 	 2 	 time: 	 0.003536 	 seconds
size: 	 256 	 iterations: 	 2000 	 threads 	 4 	 time: 	 0.009354 	 seconds
size: 	 256 	 iterations: 	 2000 	 threads 	 8 	 time: 	 0.107287 	 seconds
