
size: 	 64 	 iterations: 	 2000 	 threads 	 1 	 time: 	 0.000484 	 seconds
size: 	 64 	 iterations: 	 2000 	 threads 	 2 	 time: 	 0.002859 	 seconds
size: 	 64 	 iterations: 	 2000 	 threads 	 4 	 time: 	 0.025177 	 seconds
size: 	 64 	 iterations: 	 2000 	 threads 	 8 	 time: 	 0.142201 	 seconds
