
size: 	 576 	 iterations: 	 2000 	 threads 	 1 	 time: 	 0.003103 	 seconds
size: 	 576 	 iterations: 	 2000 	 threads 	 2 	 time: 	 0.004439 	 seconds
size: 	 576 	 iterations: 	 2000 	 threads 	 4 	 time: 	 0.010261 	 seconds
size: 	 576 	 iterations: 	 2000 	 threads 	 8 	 time: 	 0.080733 	 seconds
