%Vec Object: 4 MPI processes
%  type: mpi
Vec_0xa906e0_0 = [
1.0042957256033267e-08
1.0129225174636746e-08
-6.6740988203693383e-09
-2.5031489013667679e-08
1.9528412914364152e-08
4.3854837258406124e-09
-1.8425896251383737e-08
2.4475250933603254e-08
3.1921446974874507e-08
1.9267969929206291e-08
-2.4539103455939633e-08
-1.0931311167014512e-08
3.3573815723213218e-08
-1.1224121159846695e-08
-1.8553401153419656e-08
4.9060868852180382e-09
7.2617725361580343e-09
-1.0185044078091232e-08
2.3910404739480029e-08
2.8767148483634097e-08
2.0632386469026515e-08
-8.8816962406663286e-09
-7.9353199115839157e-09
-6.8388855516132718e-10
2.3885090143574428e-08
2.4226477790025014e-08
-6.5730230095623066e-09
-1.0360596614791481e-08
-3.5700763947746697e-09
4.2888490876693934e-09
1.8554982419895921e-08
1.0121388399442308e-08
1.9806563092980914e-08
1.4772615555521187e-08
-1.4930786255793079e-08
-1.1480379138008659e-08
1.3421880738773151e-08
-2.2820779758091214e-09
-1.8507621352354189e-08
9.3331572297017384e-09
1.6870197508921103e-08
2.8970739318796845e-09
-7.7340045650294703e-09
-1.1229991149670771e-08
-9.5275530243021933e-09
-5.1528304175624262e-09
-3.0237148904502242e-09
1.7840480314845059e-08
9.1202089214093007e-09
-9.2772802599838666e-09
7.3313492117421664e-09
1.7699419761416091e-08
5.3405244410803521e-09
7.2004810829084942e-09
-2.2453718485221374e-09
-2.0281862214005519e-09
1.9003477253615175e-08
6.5159440221923548e-09
-5.2400899314131166e-09
-3.8334948236629085e-10
-7.8454509268798510e-09
-6.8135479276872080e-09
2.6028173474650865e-08
2.4473727021096653e-08
-1.5522230697453347e-08
8.0817123149104584e-09
-5.5834835869378319e-09
-9.0620177049154441e-09
1.8878567315319672e-08
2.1639191512008021e-08
1.2902863784358676e-08
1.2959290316208461e-08
-4.3961576206598407e-08
-2.5345998224280547e-08
3.5618558687569579e-08
1.2168869930814785e-09
1.7999999912598834e+00
1.8000000148974187e+00
1.0500000273272967e+00
1.0499999997109277e+00
1.7999999946227729e+00
1.0499999726698770e+00
1.0499999700190579e+00
1.7999999921393703e+00
1.7999999963766597e+00
-2.9335709503947038e-09
2.3476137180067358e-09
-5.2052006871416978e-09
-2.7140580810547377e-08
-8.4811172026272308e-09
2.3888423569123907e-08
7.7977009224627913e-10
-1.5112325157766449e-08
1.8383449680060837e-09
1.8669627227865804e-08
1.2462170007531900e-08
2.7029063030727801e-09
-4.7402798372220105e-09
1.1975496180100485e-08
-5.7031836854038245e-09
-1.3145238409069393e-08
-2.1837085454614550e-08
7.1802071111709553e-09
-7.3299386950734235e-09
-6.6364144154021365e-09
6.1684843960171931e-09
6.8159997914860049e-09
1.8000000066979438e+00
1.0500000053470615e+00
1.0500000170512842e+00
1.0499999764613974e+00
1.0499999921081673e+00
1.0500000059711678e+00
1.0499999945850929e+00
1.0499999949338845e+00
1.0499999951477779e+00
1.0500000049846911e+00
1.7999999901151884e+00
5.3668140209683912e-09
-4.4063830084706268e-09
-3.8397191450684209e-09
-1.8415974994967499e-08
7.0868333874873901e-09
1.2594820669037388e-08
-2.7667316998200575e-08
-2.6622705512889012e-08
-1.7844699462879476e-08
-9.8381709003406148e-09
2.8125114720349044e-08
2.1818038052233077e-08
6.3722501314218000e-09
-3.5600646575671691e-09
-1.3942922522276746e-08
-3.1712806175792502e-08
-1.6055697028838356e-08
-1.3861278017751610e-08
1.3241199587742808e-08
1.8000000189299488e+00
1.0499999900702159e+00
1.0499999982808015e+00
1.0499999833997842e+00
1.0499999834378106e+00
1.0499999532635618e+00
1.0499999963658977e+00
1.0500000213901957e+00
1.0500000102790088e+00
1.0500000168708272e+00
1.0500000247290604e+00
1.0499999992195468e+00
1.0499999902813968e+00
1.0499999950466312e+00
1.8000000087012911e+00
1.1312987838185684e-09
-2.1658545568126186e-08
-8.2855994495978358e-09
2.8728067411054603e-08
-1.3020486329742842e-08
-1.2284676418694920e-08
2.7354885852141908e-09
8.5558880958801903e-09
-2.1000214169670465e-08
-5.4137944153695439e-09
-9.6934214884481645e-09
-1.9305333655468548e-09
-1.8081615093656217e-08
3.9527266310328962e-09
2.9009811799290963e-08
1.0526856728757666e-08
1.7999999944660849e+00
1.0499999845683521e+00
1.0499999875059236e+00
1.0499999951993773e+00
1.0500000053265217e+00
1.0499999905524087e+00
1.0500000090304906e+00
1.0525000241980280e+00
1.0500000085267132e+00
1.0475000125922214e+00
1.0500000014627688e+00
1.0499999824645700e+00
1.0500000023307219e+00
1.0499999805236231e+00
1.0499999842469590e+00
1.0500000273604759e+00
1.8000000116272885e+00
-2.4356399536129558e-10
-2.2278050224033841e-08
-1.5216691053032694e-08
2.4359276748486813e-08
2.6157822140531611e-08
5.0098103512863368e-09
4.8381996646876257e-09
1.6315864809495102e-08
1.8788719560215716e-10
-1.0865653321534552e-08
1.5922714139814803e-08
4.8860724871473138e-09
-3.5680463054618694e-09
2.0959454984093018e-08
2.8339354643134793e-08
1.0499999954140482e+00
1.0499999867396532e+00
1.0500000091808326e+00
1.0500000055780627e+00
1.0500000080719962e+00
1.0499999988735647e+00
1.0500000171100354e+00
1.0499999895611960e+00
1.0499999935373892e+00
1.0500000390817557e+00
1.0500000179242124e+00
1.0499999532203994e+00
1.0499999766839583e+00
1.0500000024577587e+00
1.0499999987121920e+00
1.0500000080160223e+00
1.0500000103392779e+00
1.8399334108382126e-08
-9.5226068280718223e-09
-8.1827520696797773e-09
2.5482258062328733e-08
1.6250000945544629e-09
-2.1347742546460637e-08
-1.0176075755478908e-08
-1.1121096735568561e-09
1.3305786379708742e-08
1.9904489157156896e-08
2.7325436565382721e-08
1.6890192074169377e-08
-2.1394838875359035e-08
-3.7957761587527339e-08
1.8000000013336805e+00
1.0500000206543849e+00
1.0499999925423975e+00
1.0500000022565976e+00
1.0500000173152892e+00
1.0500000106399072e+00
1.0500000069665392e+00
1.0499999929987687e+00
1.0499999665236044e+00
1.0499999710489769e+00
1.0499999756086027e+00
1.0500000028303687e+00
1.0500000443170912e+00
1.0500000057203382e+00
1.0500000000361438e+00
1.0500000216769538e+00
1.0499999962475324e+00
1.0499999795999682e+00
1.8000000205858304e+00
1.0113529024663448e-08
-1.4376302454044421e-08
1.6965405384358756e-08
1.3807990881763155e-08
-4.9258361957491698e-09
-9.5068911425914143e-09
-1.4912476513622569e-08
-2.0379133410853602e-08
-2.6855964188718558e-08
2.5226652847817194e-08
2.2494841683817768e-09
-2.4419137713629913e-08
1.7999999994302842e+00
1.0500000092468997e+00
1.0500000249468884e+00
1.0500000065632704e+00
1.0499999915825171e+00
1.0499999957468331e+00
1.0499999942683169e+00
1.0499999890103098e+00
1.0499999981904409e+00
1.0450000287140622e+00
1.0449999963260175e+00
1.0450000015519807e+00
1.0500000154012403e+00
1.0499999841916670e+00
1.0499999850156996e+00
1.0500000070977513e+00
1.0500000241925718e+00
1.0499999917124574e+00
1.0549999810541515e+00
1.0500000070261766e+00
1.7999999900854811e+00
-2.6975678222435073e-08
2.4858956663986742e-08
2.7092063880490569e-08
-1.3538682958579018e-08
-4.1298448053808841e-09
-1.8921978669366769e-08
-1.8233105748095488e-08
2.0896851258829334e-08
2.9678840898853800e-08
-2.3990517593872919e-08
-3.1928363001219873e-08
1.7999999937351747e+00
1.0500000079706386e+00
1.0500000259390370e+00
1.0499999980722117e+00
1.0499999882119002e+00
1.0500000020604050e+00
1.0499999974939060e+00
1.0499999559676898e+00
1.0500000111992900e+00
1.0450000399600212e+00
1.0450000163696247e+00
1.0450000443690528e+00
1.0499999881055844e+00
1.0499999507819475e+00
1.0499999713794230e+00
1.0500000127823474e+00
1.0500000069521844e+00
1.0499999948846355e+00
1.0499999992677449e+00
1.0500000077835832e+00
1.7999999785346981e+00
1.5448355074332287e-08
8.4844031557340660e-09
-1.6848335396973946e-08
-1.1318630781763372e-08
-4.8820957628155359e-08
-2.3020508473672570e-08
1.1345617101951415e-08
2.0065205444657480e-08
3.1396292978630447e-09
-7.0674141510861793e-09
-2.0318174165714908e-09
1.0499999791797716e+00
1.0499999793010197e+00
1.0500000021989804e+00
1.0500000176227002e+00
1.0499999773636264e+00
1.0499999907159865e+00
1.0499999943380844e+00
1.0500000107202569e+00
1.0449999787981485e+00
1.0449999859955124e+00
1.0449999803728893e+00
1.0450000115670928e+00
1.0450000093845784e+00
1.0500000146831430e+00
