%Vec Object: 4 MPI processes
%  type: mpi
Vec_0x19a4a80_0 = [
8.2207269424926763e-06
1.3938138544319791e-05
-4.8603284227187707e-05
4.8457123965508049e-06
3.9503760276591931e-06
7.7827851579207458e-05
-6.2247655124573502e-05
5.7838805125243016e-05
-4.3705242474666609e-05
1.1051874648143691e-04
-9.1108566755376539e-05
1.5338577055545971e-04
-2.1882708225133795e-04
1.5949663089829277e-04
1.2478256080363182e-04
-2.5895513799620908e-04
1.9033367472139873e-04
-2.3598430857148836e-04
1.4038042849312367e-04
-3.9461734642302023e-06
-1.9506464174222994e-04
2.9151288974468582e-04
-2.5903832394976736e-04
7.8020610104296187e-05
3.1229553209404106e-04
-3.9012916237845076e-04
7.3958146039795111e-05
2.3163802966920966e-04
-8.8265772196541013e-05
-5.4912849014046321e-05
6.2611216189615350e-05
5.4490183957622286e-06
3.9213575475769541e-05
-1.0833674186700479e-04
2.6776941482138963e-05
2.1660856257199729e-05
-3.5590782548284544e-05
-7.4201349735034989e-05
-2.7183902884346813e-05
2.0374852733938336e-04
-3.5022428833221542e-04
1.7304424909452625e-04
-3.1210685120734835e-04
4.6337983231307066e-04
-4.2326539670267096e-04
-1.9573324169546376e-04
3.8144616471192630e-04
-3.0590187683142216e-04
3.5284692857313307e-04
-7.6448606619300375e-04
8.3559296714870261e-04
-5.1194278253175482e-04
1.2528596254253129e-04
2.4366387126233582e-04
-4.9281588420883448e-04
3.0850273459587496e-04
3.5394793866818313e-04
-9.8919806898656532e-04
6.8274515406763930e-04
-2.5905999994671498e-05
-3.7015257877913275e-04
9.7905346531939447e-05
2.2496786455753254e-04
-1.1705984379217333e-04
8.2795878927991310e-05
1.1241621990383324e-04
-4.2757011898205861e-05
4.5347798944055829e-05
1.4841316626602497e-04
2.2461622691890551e-05
-3.5811393300666408e-04
6.1009470661557155e-04
-2.3830080282628422e-05
3.5297997432957149e-05
-2.4391981455627537e-04
5.4863410292844712e-04
1.8000660782336062e+00
1.7995435770070114e+00
1.0505030772822233e+00
1.0499279011493250e+00
1.8005510002338427e+00
1.0489250174602078e+00
1.0514584313647586e+00
1.7990753478005719e+00
1.8005257324530572e+00
-1.0684376710309897e-04
-2.8670211693760343e-04
4.5463648852856636e-04
1.3585583346906624e-04
-9.8296040542631595e-04
1.2530334687898988e-03
-3.5726194896561572e-04
-2.3302384593530177e-04
3.8124840850272876e-04
6.6102982752305951e-05
-1.7557035529808509e-04
-1.0744462303558471e-04
2.2924073215421098e-05
-8.1500527114119635e-05
8.5273283836691423e-06
9.9471289163808034e-05
1.7583560050100640e-04
-8.3884950393120039e-04
2.6755764721598423e-04
1.6917659097835110e-04
-3.1643181078026860e-04
-5.2168327392154669e-04
1.8002506196869743e+00
1.0503020138802597e+00
1.0494360354689067e+00
1.0502764782522445e+00
1.0495447660468866e+00
1.0506602382902552e+00
1.0486145650107286e+00
1.0510609654274234e+00
1.0489587649718433e+00
1.0507072031294831e+00
1.7993580004057366e+00
1.9143417139365828e-04
3.0519840694356175e-05
9.2568168554121166e-05
-6.7727418899265427e-04
8.9185455633697549e-04
-6.7343120390582923e-04
-1.4998874699660930e-04
1.8164807560190464e-04
-2.1112863190625054e-04
-6.9929231524585027e-05
-2.9496711720855127e-05
-8.1119234730360024e-06
-1.2756300153559980e-04
-2.5083255411933862e-04
2.1338376708889115e-04
5.3928468606938426e-04
-4.3947429826762514e-04
1.5961267985726448e-04
2.0235305808876452e-04
1.8002484311301719e+00
1.0499906783806703e+00
1.0500955172988962e+00
1.0501693731481807e+00
1.0495470893530345e+00
1.0501818506650218e+00
1.0499089334674478e+00
1.0507447250033548e+00
1.0488678993605021e+00
1.0515627556736080e+00
1.0493081244671043e+00
1.0506463705752609e+00
1.0495246801398086e+00
1.0503377379625605e+00
1.7996817416731887e+00
4.6738177437624358e-04
-5.5629997620872227e-04
7.5961696695090310e-04
-4.0601137258823420e-04
2.2346213260752237e-05
3.9492257115584416e-04
-1.2975622327598868e-05
-1.0018806667066306e-05
-2.7797263097206136e-05
2.0983133237077660e-04
1.9251866004164062e-04
-4.4095073345845392e-04
-5.8691050923521453e-05
3.2274462659702429e-04
-2.8263911600614312e-04
-1.4317254147770510e-04
1.8001759908450559e+00
1.0497443909459587e+00
1.0496694215410298e+00
1.0499754572215720e+00
1.0502994050486256e+00
1.0502381511389465e+00
1.0495342538782633e+00
1.0525023512888787e+00
1.0506672900347356e+00
1.0464239753290572e+00
1.0501924944704502e+00
1.0496572720688997e+00
1.0503077733526114e+00
1.0496343181124292e+00
1.0501082292528412e+00
1.0497109828817168e+00
1.8009588633054832e+00
-9.0557852082191693e-04
4.0844481321409518e-04
-3.0477766026571921e-04
-1.4152134108296797e-04
2.3915635260733873e-04
-3.4482010297060104e-04
1.2688794693026272e-04
-2.9187061244031385e-05
-1.1862439499056444e-05
4.7170431403302320e-04
-2.3355793569425195e-05
-1.4812567758126338e-04
3.0202555279641138e-04
-1.2061603331207766e-04
-8.3861971828297024e-05
1.0503635127787325e+00
1.0501146893324858e+00
1.0501463170692131e+00
1.0498095534562248e+00
1.0501923491173004e+00
1.0502845878041354e+00
1.0493366153320680e+00
1.0507577943573214e+00
1.0503242934201680e+00
1.0496490759672203e+00
1.0504760567638558e+00
1.0502122721756468e+00
1.0501484440772544e+00
1.0497214196925124e+00
1.0501127159951475e+00
1.0499105652037932e+00
1.0506738312518942e+00
-1.1789328166256785e-03
7.3549080751672644e-04
7.8255353327501401e-05
1.6006554977618598e-05
2.3493359916175815e-04
-7.4347498698965232e-05
5.2148899263782914e-05
-1.2923110671497783e-04
-3.7826453523943514e-04
-2.8288666214519646e-04
1.8680860358073221e-05
-1.8737903411821915e-04
3.7954018930219636e-04
-3.9069761745780799e-04
1.7999413483264899e+00
1.0501669510734666e+00
1.0496914408402325e+00
1.0500025383862424e+00
1.0496861819073675e+00
1.0501564853180938e+00
1.0500589886934373e+00
1.0491908391574727e+00
1.0499646731210608e+00
1.0499601779062395e+00
1.0498725570733820e+00
1.0493166097571225e+00
1.0502972821569168e+00
1.0498649074486290e+00
1.0498225157710748e+00
1.0504860668287610e+00
1.0493920660930214e+00
1.0505218388673927e+00
1.7990418769160024e+00
8.9980254808378485e-04
-4.1690482522535897e-04
-3.9904582968100538e-04
8.8737801174565087e-05
-1.7930991042691880e-04
6.8885782882253059e-05
2.0129276278820193e-04
3.4668705802716465e-04
2.0311217977305043e-04
1.0487024007472436e-04
-2.7559789244770394e-04
5.6465879461563978e-04
1.7996746989951642e+00
1.0501411699284864e+00
1.0501487828413087e+00
1.0499271863373840e+00
1.0500426743049052e+00
1.0499347295698926e+00
1.0503957326717617e+00
1.0503014641007280e+00
1.0497492706611826e+00
1.0454884498047887e+00
1.0452687748476159e+00
1.0453301250736617e+00
1.0490135917319559e+00
1.0512493099323215e+00
1.0500207977949432e+00
1.0492594342621899e+00
1.0501763293172639e+00
1.0497271375425072e+00
1.0560701273521969e+00
1.0489933492443431e+00
1.8010454618955551e+00
-5.9105751537430039e-04
6.3343887133918836e-05
3.1440981258876221e-04
-3.1740024498503653e-05
2.0904370855936043e-05
-1.2351633876042921e-04
-1.7354174879098230e-04
-1.7067872081572192e-04
2.2585074057726444e-05
-3.5681325810820694e-04
4.7148407123827725e-04
1.7994261807502543e+00
1.0498802146348403e+00
1.0503855664940391e+00
1.0501084432096806e+00
1.0498738902969094e+00
1.0497610692442054e+00
1.0501212458566480e+00
1.0503300045557418e+00
1.0488849441347490e+00
1.0457362879048382e+00
1.0445410750924544e+00
1.0454553834229119e+00
1.0488744490362696e+00
1.0506211251189626e+00
1.0496504655092613e+00
1.0501125635509450e+00
1.0504503321558269e+00
1.0492265670890848e+00
1.0509711365971339e+00
1.0488195281624795e+00
1.8009461199273664e+00
-7.7491845830124015e-04
3.7731501505998871e-04
3.0831242002656148e-04
-1.6026030412203264e-04
5.4159047603598005e-06
-1.0914453230240242e-04
1.9417952844356205e-04
1.4031225855822243e-04
1.6419815871313601e-04
-2.3926518289480700e-04
5.3094637368815347e-04
1.0501632991769256e+00
1.0494073449020684e+00
1.0502271812938482e+00
1.0500396160771510e+00
1.0499467467158323e+00
1.0494893621404329e+00
1.0501474519735530e+00
1.0503933648390782e+00
1.0442756310951335e+00
1.0456659221809375e+00
1.0444648673370736e+00
1.0459679442130141e+00
1.0441696923469930e+00
1.0508904998458029e+00
1.0501027546406263e+00
