%Vec Object: 4 MPI processes
%  type: mpi
Vec_0xfdca80_0 = [
2.5702758380750762e-05
1.5655959845534429e-05
-1.4455739838465672e-04
1.3498293496225881e-04
1.6524579835352365e-04
-7.8314392273565867e-06
7.7541354693336302e-05
1.4582116894380895e-04
-1.2554632297674239e-04
2.4061073816651534e-05
4.9240673781033357e-05
4.9834156239126248e-04
9.5415074270770978e-05
1.0910200586675895e-05
2.6955150774598841e-04
3.8528925394491797e-05
-4.7483861297354513e-04
-2.6825596011371473e-04
-8.6184490868071274e-05
1.2594347988438825e-04
3.1890679215977754e-04
4.5773841261391404e-05
1.8739818748042967e-04
-1.1404896562715848e-04
1.0104266164077770e-04
-2.6523785048507807e-04
-3.3996622316687322e-05
-8.9932420467154182e-05
1.7358138464856455e-06
-1.1933947814880155e-04
-3.2024188304059185e-05
-1.7733795175730585e-04
-6.9208207384182373e-06
1.1617448233597143e-04
-3.4555808732336950e-04
-9.0641289558121053e-05
1.7111744417048927e-04
1.8626165834658665e-04
-1.1568140421896851e-04
2.0217511845676533e-05
7.2828377227457849e-05
1.9523922566379905e-04
2.2914048034122406e-04
3.0599854486376265e-05
1.0378255948354722e-05
-9.9200856382252736e-05
-4.0429841566941630e-04
-1.2484440597151084e-04
-2.3718786856215553e-04
3.0031446770725285e-04
3.6299065437364473e-04
-6.3861998107035312e-05
-6.9956842767405570e-04
6.7922527750129355e-05
3.8210686034862264e-04
7.7171497826083793e-05
3.5074671013652896e-05
-2.2040169584795018e-04
-7.3548417297711192e-05
5.2039015142416239e-05
9.5205404437275425e-05
7.0585055606667805e-05
-2.7644534132546283e-05
-5.8853881079909505e-05
-9.2681161556827963e-06
7.1171363695934981e-05
-2.1063764587080357e-04
-4.2352424068683168e-04
5.2320793758412176e-05
1.6474305931624201e-04
-2.2331612233425946e-04
3.1041521817902501e-04
-4.0917039998000218e-04
2.3849764905076848e-04
-1.3247654552744851e-03
5.7421694028632873e-04
3.6284284702765038e-04
-8.6768769179017356e-04
1.0171989428577560e-03
3.4057406388086035e-04
-3.8796668123643146e-06
2.8446122242985460e-04
-1.1435167969081716e-03
-7.6576535262107921e-04
1.0960066330512478e-03
1.4803540864757986e-04
-6.0769407966061023e-04
5.8683344806069004e-04
-6.8569504605787740e-04
-4.4715106973905301e-05
3.9978353222850879e-04
2.5135693326459294e-04
-7.0088090500890037e-04
-9.5647095836259068e-05
4.8773000148811299e-04
1.0275042173791013e-04
9.3356478608220362e-05
1.2784194297533796e-03
-4.7350020309663421e-05
-2.4627883575294163e-04
-5.3669120938572247e-04
2.8100091873726995e-05
-1.8306322259891835e-04
-7.0262152347612254e-04
1.3682166577260593e-06
7.6141971656964829e-04
-7.7445875167366800e-05
4.1983780799771100e-04
7.1327813047417771e-04
-8.1438776194038965e-04
-2.0398133565652328e-03
9.6005043858746536e-05
1.0226981383177900e-03
1.6756814095215424e-03
7.6400558325043634e-04
-1.6800021597067295e-03
-2.1288621060149455e-03
1.8408335562731563e-03
6.5554919505650199e-05
3.7734763588968633e-04
-7.7618031273939873e-05
-7.1068150001194071e-04
3.2316692712423963e-04
-2.5488378063901092e-04
2.6948469185763147e-04
-3.5642532793275937e-05
-1.7704154538885920e-04
1.8021021802054125e-04
3.9382909283998665e-05
2.7875224189745476e-04
3.4187043970472205e-04
-3.4946290756170985e-04
-3.7829021914931717e-04
3.4297832526233303e-05
-1.3969549439372598e-05
7.9419930939012440e-04
-1.0461796289882946e-04
8.7319262177519823e-04
-1.9837756583835232e-03
-1.3528976021157750e-04
4.2181892599838498e-04
-8.5241274329172687e-04
4.1458678596958693e-04
1.0735392206036270e-03
4.2783908539599784e-04
7.2916086057966479e-04
-1.0830300028416221e-03
-1.1001500524914069e-03
1.5611001924631174e-03
8.1858511980947499e-04
-5.2876216448482453e-04
7.3336981252423018e-04
5.2339738220608394e-04
-2.1686436066827399e-04
-3.2748125711555554e-04
5.4626467858903232e-05
-3.6387385427402236e-04
-7.6169867963653769e-04
3.5270193864766098e-05
5.8059633671674288e-04
-5.5361007552962873e-04
8.6622906866830264e-04
-8.4390482953117913e-04
-6.2436087899808701e-04
-1.2636763543775428e-03
1.0997811874016330e-03
5.8524161131538104e-04
-1.6965096226273534e-03
3.8852865618811461e-04
2.2298847717203093e-03
1.5702998098971716e-04
-5.2864021967416073e-04
1.9391451666385233e-04
-2.3170365170038514e-03
-3.1230972685879015e-03
1.7232080671497330e-03
3.5405425062975848e-03
1.6239956279201161e-03
-8.1675564676017315e-04
-3.9683745227949959e-03
-1.9767370171312462e-03
4.5188383807435780e-03
3.4644723617315834e-04
2.0926117188845047e-04
-9.4354750034393001e-04
-9.5402883197355515e-04
7.3378904344799823e-04
1.7707788388636366e-05
4.5047973984438757e-04
-1.6505023144658464e-04
-1.7031944637408277e-05
-3.8666858877913565e-06
-1.7682123003166255e-04
1.3122236534398275e-04
4.4500957288365177e-04
3.3195629060387452e-04
-2.2445533557847059e-04
-3.8251310934763410e-04
-8.2063571407746828e-04
6.1912568572050359e-04
3.7646232855309715e-04
2.1140021100068047e-03
-1.3283928387532006e-03
-4.7890945549657142e-04
-1.1096555455029995e-03
-7.2871627806828728e-04
-8.6303040274130004e-04
5.3189441051279161e-04
5.7423195406457747e-04
3.6788455364165457e-04
-2.7569943754134868e-03
-2.5120818683193220e-03
1.1525646510729490e-04
3.9327926391081878e-04
-1.7750876706379597e-03
1.2766245321013153e-03
-5.0431980138622619e-04
7.9315947084584919e-05
1.8001300615589255e+00
1.8003118206846753e+00
1.7991280106650738e+00
1.7985558506350094e+00
1.7998876366854792e+00
1.8010491929024088e+00
1.8002700382642158e+00
1.8004044432759301e+00
1.7994177900220498e+00
1.8002054625097703e+00
1.7987465612677243e+00
1.8004771610969192e+00
1.8000415522976392e+00
-9.9568646567728099e-04
7.0299152085020176e-04
2.3935075877407528e-03
-1.1187217607815472e-04
-1.6108998589143275e-03
8.3916298635369616e-04
-3.3113257948080245e-03
-2.7242103983544192e-03
4.5425025992300782e-03
6.2223171393807992e-03
5.8284481353086822e-04
-3.2866154991985693e-03
-5.6042299573553682e-03
-2.5849416570980298e-04
6.5357739289806987e-03
-3.7118247168545188e-04
-1.0683311333660303e-03
-1.4800594444400502e-03
-1.0183625841373855e-03
1.6946633033403055e-03
-2.0293482484625371e-04
2.8255354242661291e-04
-2.1470304097616743e-04
-3.4535619860321702e-05
3.1679501605168466e-05
-2.0291508163918591e-04
-1.5998287425567773e-04
4.5282364152375705e-05
1.8372381297715324e-04
5.4547793818015666e-04
1.7663916094465544e-04
-1.0105073618783878e-03
-5.8278457474869529e-04
1.3887078801508667e-04
2.4603016403230067e-03
6.8171254778956589e-04
1.5665109458655754e-03
-1.2139794124591847e-03
-1.3869786389484244e-05
-9.1520736393184204e-04
2.0248828891067309e-03
2.9954020436984258e-03
3.3810761416187747e-03
-7.2439834682756072e-04
-7.1742594800671289e-04
1.4351478817881136e-03
1.6152429682604892e-03
-1.2745436694351579e-03
2.2282948243402246e-03
1.7995044043070940e+00
1.8014859451125724e+00
1.8001349128149529e+00
1.8014478684365309e+00
1.0500553497056127e+00
1.0496214222336286e+00
1.0511067031653398e+00
1.0522513389806114e+00
1.8009961692525964e+00
1.0507169498165259e+00
1.0505641403032837e+00
1.0508651510967431e+00
1.0484206949122739e+00
1.8002720408802149e+00
1.8013596630695823e+00
1.7994706882422300e+00
1.8008495538645162e+00
3.5078030484912873e-03
-3.3902027418818148e-04
-2.2892889888987342e-03
6.4045119569129303e-04
-3.7247004649378478e-03
-1.5727441392693392e-03
6.7367298241643439e-03
7.3494298394029033e-03
-3.7672778784862675e-03
-7.1604665148703147e-03
-5.4828042647232650e-03
2.2254002256487664e-03
8.5543537323127233e-03
-1.1537129888632655e-03
-2.5906832064624837e-03
-1.4483010605815677e-03
-2.0857232542995492e-04
2.8795716800337689e-03
-7.2416555165590838e-04
1.1496099028855488e-04
-5.1412674633574663e-04
-3.0735454503001274e-04
5.6988827100122682e-05
-7.9054885537625574e-05
2.4038897672666136e-06
1.7205139764597495e-04
-3.0029805624663208e-04
7.6488263206347048e-05
7.7782506812846240e-04
-1.6274157685520569e-04
-1.1901351413427495e-03
-1.4100508976549791e-03
2.3409347153170663e-04
-1.4000817765947581e-06
1.7388095850546096e-03
-6.3582100040378211e-04
-8.9996748820905294e-04
-3.3457912113457815e-03
-9.4834030100384944e-04
1.1210585479690903e-03
1.9362126875099046e-03
