%Vec Object: 4 MPI processes
%  type: mpi
Vec_0x2789e40_0 = [
6.7009290369117458e-12
2.1164093969103931e-12
-2.1309501235247056e-12
-1.0386274309272811e-12
5.4238298355098295e-12
-7.1113334201866087e-12
-8.4669071883855529e-12
-7.7120560371818359e-12
5.5920124759044343e-12
-2.8108213591957268e-12
-1.5854760809352192e-12
1.6050365274052417e-11
-8.4911182123318611e-12
-6.9167949227335809e-12
-5.1741444855317627e-12
-7.9433307804618880e-12
1.2866229891390912e-11
9.1574736346428792e-13
-2.0011473482798008e-11
-1.8402635643642584e-12
6.2756342277762306e-12
-1.5752971586143090e-11
-9.4405022604067586e-12
2.0006503913391413e-12
-6.2427766406823737e-12
1.0886945153981004e-11
5.6491105874080863e-12
5.9314935030156148e-12
-3.6336739010506963e-13
-4.6684230103639229e-12
-2.2503912321396487e-11
-1.3206713283739346e-12
1.2889319359011761e-11
2.4268109223568590e-12
-2.6390772352819988e-11
-9.2208819789732499e-12
-2.7152868007414982e-11
7.5314568492336476e-12
7.7297906573778330e-13
-1.0467458063517787e-11
-6.0502441815227237e-12
1.3390885974942993e-11
-2.4357515855080898e-12
1.3612268105235581e-11
3.2646860475410433e-12
9.8857398233166000e-12
7.2832474643305667e-12
1.9714949616410349e-12
-8.2474848890450037e-12
-3.7464383808791246e-12
1.6545011888302597e-12
1.4945780209144402e-12
-7.2641372084181199e-13
-8.8657344811914063e-12
1.1031116504186395e-11
-1.1642974778736104e-11
-1.3783774740084437e-12
-1.7157280696004917e-11
1.2752581922317180e-12
1.2519511409896642e-11
6.2273877562610529e-12
3.5911218931265060e-12
-9.5002934725086242e-12
-1.7745787901890216e-12
4.5707070127441046e-12
-4.8973200034120243e-13
-2.7301498277968123e-12
-4.9919747561978298e-12
3.9960012346464254e-12
4.6913766816626679e-13
1.0853713977923563e-11
-1.1085604927508347e-11
3.9771432132872098e-12
1.5567756502313235e-12
-9.5307567176891594e-13
8.8197843956173321e-12
1.3560670652796453e-11
1.1093663693836214e-11
5.2613148213143113e-12
-4.1868316539434014e-12
2.6154096249841885e-12
-3.4805793772303695e-12
-6.2531529162589833e-12
-3.1014621535048470e-11
7.5109194037914495e-12
1.1622892318735589e-12
-1.0725583778330855e-11
-4.3710051854037313e-12
1.8060905608531172e-11
-6.4880013254248192e-13
-2.6605519003186640e-12
-3.3869136878764139e-12
5.5582010890543876e-12
1.4875541607967807e-11
1.1231791430081628e-11
1.2198183652403771e-11
-1.0047147033613590e-11
6.9226364007510255e-12
1.4896445730584740e-11
1.4872273768409827e-11
9.7774449669442431e-14
-1.3706785598026350e-11
-1.0642869981039409e-11
4.0485817823232573e-12
2.1258164282708658e-11
8.6711722329345375e-13
-9.7972559427207673e-12
7.1023959283267324e-13
-1.3175613811783338e-11
2.1179887271099984e-12
6.0749543416560581e-12
-1.3667316410559405e-11
-1.0658606619919422e-11
9.4372981651602572e-12
-1.3141908134645108e-11
7.8264152970908274e-13
6.0862577998255230e-12
6.4671846437130975e-12
-1.7753929836689109e-12
-5.8167073588299978e-12
-2.4680469920914695e-11
6.1876349313413903e-12
1.1055840487897428e-11
2.6863952685626802e-12
5.1658121445025910e-12
9.7260870655869937e-12
-2.1251491587543150e-11
2.7307248788035164e-11
4.9773823571856030e-12
1.0418977929493780e-11
-7.2292916112801347e-14
-3.4811886988513063e-12
-1.7199370244268698e-11
-2.6493128437582447e-12
-6.2340544103875808e-12
1.1530416378635611e-12
2.4327149452871288e-12
-8.8072104947531371e-12
1.5272964425279423e-11
-1.4669162802863345e-11
-3.1715658745101738e-12
1.0356588525141375e-11
8.7532550652191787e-12
6.7273722942177983e-13
-6.5233742886638968e-12
2.7129202747125380e-11
5.6205931835834333e-12
-1.3299940142263988e-11
-3.1392826326751694e-11
1.9768273172918183e-11
1.7415503609542748e-11
-1.9304871503450505e-11
5.8274823768605932e-12
-5.9084954810717516e-12
-1.6648983840877873e-11
1.1866028992724154e-12
3.5683427783775312e-12
-3.5992956661998199e-12
-7.7463608444405807e-12
3.6488208288165680e-12
-1.3088647787123930e-11
5.3689638455575728e-12
1.6450361038644612e-13
-2.7099440150658155e-11
-1.2562024716885473e-11
-1.4802003264584307e-11
4.0167954682909790e-12
1.1634703617202646e-13
1.2081910341979474e-11
-5.0635819322242259e-13
-5.7579383969108555e-12
-2.0883641170532652e-11
1.1543782423018012e-11
1.2627937757969665e-11
4.7959119314766596e-13
-1.5171877859945782e-11
5.1778980408867525e-12
8.4635883371153575e-12
1.4135634936879304e-12
-1.6710569560041133e-11
-7.8647748036342335e-12
-1.8082754044135285e-11
3.0553224880658369e-12
-1.6629906653131687e-11
3.3086250753044943e-12
9.7847034294384905e-12
-1.0807756382555378e-11
-3.7674904428824929e-12
-6.1088481278712137e-12
9.0255488494192168e-12
1.6150137908325750e-11
7.3657157304875265e-12
8.6131215820597212e-12
-8.2171002290402158e-12
1.5661985705746340e-11
2.0915659883300602e-13
-1.3021430992927324e-12
-6.8195653659709754e-12
-9.2872284298758934e-12
-8.9728842845443468e-13
2.4928442556720887e-12
5.7851161774718444e-12
-1.5200487895293546e-12
-3.5145303551101237e-12
1.4203774224494370e-11
5.2927932219296037e-12
-8.3654702089097643e-12
8.5749005552387958e-12
8.5520492055200792e-12
-8.0925992903407851e-12
-9.6827901599483290e-12
6.3757931226260389e-12
-1.4852995894841514e-11
-1.8104861793794003e-11
2.6564819950985336e-12
1.1144062669193877e-11
-1.7549565099750364e-11
-1.7252670646283885e-13
1.7999999999908118e+00
1.8000000000137784e+00
1.7999999999971836e+00
1.7999999999993359e+00
1.8000000000061471e+00
1.8000000000010246e+00
1.7999999999992573e+00
1.7999999999833283e+00
1.7999999999745775e+00
1.8000000000172642e+00
1.7999999999897325e+00
1.8000000000113108e+00
1.8000000000008756e+00
-4.0452658583989276e-12
9.7782563296400227e-12
1.4974696829761491e-13
-1.6482786489857570e-11
-8.8256919134055423e-13
1.6302796135639341e-11
2.2938465363275817e-12
1.1301376501293703e-13
1.2760699127142144e-11
1.6485939349775158e-11
-1.0368957428785741e-11
3.0446582754972695e-12
1.1639959829334856e-12
1.8867727692717384e-11
4.3023397344743586e-12
4.0246974589847051e-12
5.0010035175518386e-12
6.0488360197410995e-13
-2.0407785704390502e-12
-1.6063329052323772e-12
-1.5119225316162499e-12
-8.3701207857084237e-12
4.5587381525963311e-12
5.1768595649408916e-12
1.6923849206941380e-11
-1.2415346504910047e-11
5.8180505701252265e-12
-1.4240132500503407e-11
7.6311126912160816e-12
-5.5657125772306387e-12
-4.1347047313733398e-12
2.2881743483478545e-11
3.8875830722998050e-13
6.6857266250996972e-12
-4.2018515945298207e-12
1.8793735725921180e-11
4.6026022619896634e-12
-8.9440022228715055e-13
2.6833309879625844e-12
-2.4081461651170866e-12
-2.2153049360207344e-11
-8.0587684962718509e-12
-1.5480058641187400e-11
7.8740074356542511e-12
-1.0930162157307688e-11
-4.9046050966221333e-12
1.0912650123817702e-11
-1.2425209298949635e-11
7.8332370971601062e-13
1.8000000000144212e+00
1.8000000000166232e+00
1.8000000000084106e+00
1.7999999999889360e+00
1.0500000000077119e+00
1.0500000000091114e+00
1.0499999999891054e+00
1.0499999999768055e+00
1.8000000000059915e+00
1.0500000000133838e+00
1.0499999999954865e+00
1.0500000000115746e+00
1.0500000000010399e+00
1.8000000000130747e+00
1.7999999999969609e+00
1.8000000000080529e+00
1.8000000000033793e+00
1.1758408482998028e-11
1.1259591349566112e-11
3.0213340510010234e-12
-7.0741526785739195e-12
-8.8293608535572332e-13
2.0257875238405276e-12
7.6278692563713779e-12
-5.0683433144849133e-12
4.8657900625359574e-12
-1.8475371406367902e-11
1.1989447629145999e-11
-1.0222707229334826e-11
-7.7841171008952159e-12
-8.5668124070320539e-12
-7.7268521442297455e-12
-1.8898158862454273e-12
9.0888234438590843e-13
2.7072309238124204e-12
6.0129266339246576e-12
-1.6077737014993931e-11
-6.5830178764755831e-12
1.5750417246482296e-11
5.6357282935456249e-12
1.7680592460342674e-11
-1.2533696760449803e-11
-2.4418189638244353e-11
-1.7624083345057356e-12
6.6822257904948501e-12
-2.9759637679496742e-11
-4.9152572203364775e-12
1.3543740354758377e-11
-2.3515638221394131e-12
1.4214501971310245e-12
-4.7835563635190148e-12
3.2749463080641861e-11
3.2221174513236139e-12
-1.1614729089528403e-11
-1.0166154593496679e-11
2.3022868333999469e-12
-2.1106583711696936e-11
1.3749950830699298e-11
