%Vec Object: 32 MPI processes
%  type: mpi
Vec_0xa271e0_0 = [
-3.2884401723082160e-08
-3.0280558705836303e-08
-5.4495890282284091e-10
-3.8753296036256760e-08
3.6971580438763550e-08
1.3717980122613073e-08
-2.6448435852473350e-08
-4.3986210486945346e-08
1.5029640667462612e-08
1.7600493682797111e-09
1.0949461920985626e-08
-2.9461945480615615e-08
-4.8329716202837113e-08
-8.1698011577711286e-09
1.8407789183529902e-08
-2.3373589967375444e-08
-1.7097560933124374e-08
8.9009420557452064e-09
2.2756329774526395e-08
5.7360913711707213e-08
2.4741488372829698e-08
-1.7504474868234362e-08
-3.8328938025542132e-08
2.2694721034356106e-09
2.8013642028432064e-08
8.7501593337165453e-09
-5.6849180141203912e-09
-1.2745102039799774e-08
3.3529890440111101e-08
2.2572494460794358e-08
-1.8152228234872094e-09
2.6823222092357997e-09
-3.1887534071057969e-08
-3.0376375971199630e-08
-5.8354541797929916e-09
-6.8403047185890478e-09
-1.3974304854366725e-08
-1.2815111387809355e-08
1.1725473442208588e-08
9.5414787971634385e-09
-9.5804880023177275e-10
4.3349291236070885e-08
9.1158983453974978e-09
8.3123739480148173e-09
-1.6837711975668974e-08
-2.7814320060890905e-09
-5.2066042656646362e-08
1.7405267083614624e-08
-7.7949068671653333e-09
2.3867203874285842e-08
-1.4200687759274681e-08
-1.7056074201322706e-08
1.7963610095305185e-08
-5.6292246666253066e-08
1.4917283659243805e-08
-7.5961038434259505e-09
1.5199817273789796e-08
-1.3998155113021694e-08
-7.7842762780100643e-09
1.2526779550177687e-08
4.9221238119501583e-08
3.1532203748410852e-08
-5.5964450915762447e-09
-1.0842289556265543e-08
-4.6761683344129310e-09
-6.9149226330161113e-09
-2.6879279954432084e-09
5.7214755105438990e-09
7.0737781193984687e-09
-1.3922847101214891e-08
-3.4825732339377122e-08
-7.2625712239449483e-08
-1.8282468591443966e-08
1.7499700077808038e-08
2.3053519782094628e-08
1.7693275578089097e-08
-2.6833159508373935e-09
-2.0878486637590683e-09
-2.4657911350776940e-09
-8.7003234699144227e-09
1.2418763615769726e-08
1.7023810340197846e-08
2.2524355563710314e-08
1.7442551962358090e-08
2.1218234275328669e-08
-1.3822401412583001e-08
-5.3948852769001091e-09
-8.9998077166153663e-09
2.1364078145078794e-08
1.2943278320659557e-08
-1.7725248587039527e-08
4.4988603522871581e-08
2.0750065972998917e-08
-1.2964517507501119e-10
1.4921639135238862e-08
-4.7673502500279047e-08
-3.7149189410431993e-10
-3.1481014174292686e-08
-1.5409678922858119e-08
6.9771207550622244e-09
-8.5177619824484789e-09
-3.0904495138114538e-09
-2.9390930450076051e-08
-5.0470450470817274e-09
1.0655143185519036e-08
1.4898507479603864e-08
-1.2028707638235200e-09
-1.3236850733133049e-08
2.4451076810396571e-08
-4.8150087688693388e-09
-1.0307431927512184e-08
-3.4366278193857791e-08
1.7231466789715101e-08
1.1429249108328016e-08
1.5011918338189018e-08
5.1765358121975275e-09
-4.8370397101767104e-08
-1.7239041420064050e-08
2.0125990590671300e-08
6.7638376805957223e-09
1.2632881001795548e-08
9.6352553193013168e-09
-2.3590114350650893e-08
-1.8519679529510613e-08
6.1329949941105969e-08
1.0931012061686469e-08
-9.9423299247908097e-09
4.8052547877179205e-09
1.5434501393929185e-08
-1.2826155972991212e-08
-2.5796466620579031e-08
1.3552130806692960e-08
-7.5759077409722408e-10
-3.3025213823519549e-08
-2.7079946386016648e-08
-1.8422838220016544e-08
5.1977611106044166e-08
6.0700403427607630e-09
-1.9313231996629342e-08
2.0479110668554512e-09
-8.5102017175885808e-10
1.8114627501120465e-08
2.1632223900624331e-08
3.2366819337507815e-08
-1.4385657238135882e-08
-1.2166142847823934e-08
7.1288560467112905e-09
-2.0024787893840879e-08
5.3481627387353195e-09
-1.1583020244993955e-08
1.0674514249625101e-08
-3.1680606250557644e-08
-1.7886860443315500e-09
-2.0959506068663619e-09
6.6989262357750046e-09
-3.5891266245927783e-09
-2.8389862333910850e-08
1.4130789053852857e-08
5.3330168634695488e-08
-1.8303854735276376e-08
2.6385230599132101e-08
2.7450119782150388e-08
-3.1340456100106828e-08
4.5606052496061002e-08
-5.3069292715196038e-09
2.0817016429760561e-08
-4.6288696546234985e-08
-4.6221106768384868e-09
1.7603939757738357e-09
-3.9323002227250464e-08
-4.1011327297927128e-08
-2.2925095111321625e-08
-5.2787772100541808e-09
7.0789838574336628e-09
2.9792092824838801e-08
3.7555766622000136e-08
-1.1770970453559015e-08
3.2745177092410871e-08
2.4467164002955552e-08
-1.4245285091286919e-08
-5.3334449497469127e-08
4.2336619453242630e-11
5.5151222529831179e-09
6.9780027537463818e-09
3.0304381062982045e-08
-4.8141916585793185e-08
1.6719833426407857e-08
-2.5901785090246335e-08
-1.3511713820555955e-08
-4.1915592101994829e-08
-2.2769170150932581e-08
2.9754787885454903e-08
-2.0610427587346289e-08
-1.9684176340337186e-08
4.2059322892529227e-08
5.1839355275730198e-09
-2.8889701288344061e-08
-1.7867234651438441e-09
-1.4868035845029548e-08
3.8872305448795722e-08
1.2946382549989741e-08
1.0737794365181573e-08
-8.4505617813698114e-09
-4.4700024683444473e-08
-8.1972664827886788e-09
3.3774011229110827e-08
-8.5571100244714871e-09
1.0613190422423951e-08
4.5809264689661202e-09
6.9690955419726697e-09
1.0708503515345635e-08
-1.1000931846895379e-08
-3.8242017308702178e-08
-2.8282587504618872e-09
-7.4134109912329677e-09
-5.9439023338686559e-09
-6.0288765672475431e-09
-1.2881922823045587e-08
1.8000000041097539e+00
1.7999999847685153e+00
1.7999999858876212e+00
1.8000000336760649e+00
1.7999999885286868e+00
1.7999999807190670e+00
1.7999999922389667e+00
1.7999999939686717e+00
1.7999999916601837e+00
1.8000000185904255e+00
1.8000000200329114e+00
1.8000000476630751e+00
1.8000000143183323e+00
-9.3355738196333748e-09
6.1018353503597411e-09
-2.6277157698893772e-08
-2.1123781833963517e-09
-2.6565701088596128e-09
-1.3057354644404901e-08
2.7474426015500208e-09
-1.4634270167207530e-09
3.7397094057383621e-08
1.6307090438399952e-08
2.1525437378724921e-09
-3.4158352306412620e-08
1.9981950363442968e-08
-6.6178869242289329e-09
2.3933596085025377e-08
4.3233721969213740e-09
1.3134185052054992e-08
2.1553169763527131e-08
-1.5899348356981924e-08
2.7667749239249084e-08
-4.5497521635601279e-10
2.1489364512459683e-08
-4.5971536951261351e-08
-1.2478767803640340e-08
-4.0930630231584994e-08
-7.3141912066432562e-09
2.3066110197492433e-08
2.1814982796736847e-08
2.1199810007540979e-08
1.9782911718204061e-08
-2.1949435264910001e-08
4.5661088107166320e-09
3.5242948955423138e-08
1.3384856378632903e-08
4.0630237887790029e-09
9.6929566954694828e-09
5.2266972724423610e-09
2.3242755588454359e-08
-5.0407186969391934e-09
-4.9103256943155982e-08
-1.6945793695566716e-08
-1.2292493831644533e-08
2.8623446255999357e-08
2.7404612571195128e-08
3.4175994411637239e-08
-1.5489582163240832e-08
-5.7551067943802797e-08
2.6651004129052067e-08
-3.6352876366498380e-08
1.7999999793762236e+00
1.8000000062091723e+00
1.8000000226148498e+00
1.7999999936162663e+00
1.0499999858993612e+00
1.0499999933476056e+00
1.0500000045600844e+00
1.0500000023070055e+00
1.8000000017495288e+00
1.0499999702970233e+00
1.0500000173809347e+00
1.0499999915051501e+00
1.0499999946107967e+00
1.8000000453129272e+00
1.8000000065548165e+00
1.7999999812341207e+00
1.8000000149969979e+00
-4.9483500717123485e-09
-2.0482966564192018e-08
-1.6509737834659310e-08
3.0708394045935589e-09
-5.8242115470730216e-09
-1.7561948763289426e-08
6.3245942302347230e-08
3.8135153793486531e-08
1.4789581195134849e-08
8.8972596356401423e-09
1.3457257466362171e-08
-2.0373169397607666e-08
1.7541517807750928e-08
-8.2780529562197225e-09
-5.7933083460678936e-09
-3.9877687127800633e-08
-7.5582752773542539e-09
3.1065821692660353e-08
4.3337234991518386e-08
2.8455763296467845e-08
-9.5734370094986004e-09
1.2087061353541206e-08
3.9935648244609524e-08
1.7174879271237371e-08
-3.4484488517081324e-08
1.2270005530763770e-08
-1.9147126097113611e-08
1.8605549672592262e-08
2.0269630637251464e-08
4.8098270609745440e-08
1.2375003919280769e-08
-2.5854093743931522e-08
-1.9512222060530729e-08
1.8946647422192833e-08
4.6496964852048121e-08
1.3259599166478425e-08
-9.4237207142833321e-09
-4.3541188534225797e-08
-3.1286069321605908e-08
-2.7081881228243135e-08
2.9866338742412513e-09
