%Vec Object: 4 MPI processes
%  type: mpi
Vec_0x1647e40_0 = [
1.7959317870743299e-11
1.3975888399049910e-11
3.7526822903484469e-11
-5.9881944238296403e-13
-1.9259483331063310e-11
-3.1962272455457463e-12
8.8997345734295741e-12
1.7876327588345342e-11
-4.5045894098150185e-12
-3.6465739282343090e-12
-6.4201042485750870e-12
-2.0182527632646441e-11
9.4286228130568972e-12
-7.1469978372984411e-13
-1.0132120728360838e-11
1.8246648061850251e-11
5.4125653611847291e-12
-9.3991637389878591e-12
-1.4161124529954439e-11
-2.2280492555093456e-11
6.2874575337823480e-13
1.0603289947452854e-11
-2.6579930964554244e-11
9.5103655853301383e-12
2.9307132241862544e-11
-4.8708183320034237e-11
8.8000787212827447e-13
1.4298838372020506e-11
-1.6432155657865322e-11
-3.6946596552577676e-11
-4.4890328433633275e-11
1.9973084113261014e-11
-1.2599078247702011e-11
1.8315379486481820e-11
-1.8189865134694404e-12
5.9951444850159241e-12
-1.1947818602531246e-11
4.0146896657794473e-11
1.3606171365369152e-11
2.9581481361673490e-11
8.4856878468375641e-12
-4.3183553954939669e-11
-8.7256384843220625e-12
-7.1826928085827468e-12
-5.8409908854084591e-12
2.3895345771518528e-11
7.2180698917900799e-12
-5.3136969650757759e-12
7.8515197815542948e-12
-2.5786130175564637e-11
5.3795232157760609e-12
4.5061003539625943e-13
5.2148402783502856e-12
1.7040429831083337e-11
-3.4376170313099585e-11
-8.7327055309227575e-12
-8.8075900739337243e-13
1.2634919152598734e-11
2.5130116737548391e-11
4.4981865454651881e-11
2.6132999572919119e-11
2.8898736702254180e-12
1.8990202964828951e-11
-8.0629231589968153e-12
2.3494875749791033e-12
-1.4060025536953395e-11
2.0798485329820426e-11
-2.1481148023555496e-11
-2.8197199349738744e-11
-1.6455108976798360e-11
-1.1500852353796276e-12
5.1213156979090790e-12
-1.0315479373468328e-11
-4.8740339021746681e-12
1.6291060839744576e-11
2.6188035247287633e-11
1.8000000000012752e+00
1.7999999999915197e+00
1.0500000000155600e+00
1.0499999999866771e+00
1.8000000000086422e+00
1.0500000000311089e+00
1.0500000000135037e+00
1.7999999999798264e+00
1.8000000000071388e+00
9.0663275498226170e-12
1.2572592272830363e-11
8.4132319166929648e-12
1.0657455820628492e-11
-4.7257918064924631e-11
-1.3295593792594929e-11
-1.5507661127456274e-11
-7.8606769531031073e-12
-8.8417754021130612e-12
3.2174281468233534e-11
-6.6757216074520009e-12
1.6070285076622004e-11
-2.9620327403941799e-11
-2.2465029836382655e-11
4.6849000373549998e-12
2.5448648396930729e-11
-1.1202682119633434e-12
-2.1530157864879662e-11
-2.0838762139485656e-11
1.5715317068509815e-11
3.3252429889468749e-11
4.7088713137077853e-12
1.7999999999976573e+00
1.0499999999911129e+00
1.0499999999903107e+00
1.0499999999758214e+00
1.0500000000060870e+00
1.0499999999916596e+00
1.0499999999942378e+00
1.0499999999948604e+00
1.0500000000173644e+00
1.0500000000039991e+00
1.7999999999905438e+00
3.0213817558966127e-12
8.6847889990693261e-13
1.0896032340279582e-11
-1.1504580274546150e-11
-4.2678555134401108e-11
-1.0451008114475968e-11
4.6857484906071001e-11
1.6128370774332046e-11
-6.2518479976292340e-13
-3.5177589357074379e-11
-3.2737248784227291e-11
3.5621212278675110e-11
-9.9998136941087390e-12
2.6091693042240571e-11
1.9325481319387716e-11
-2.4530562043462156e-12
-1.5943502594539805e-11
-4.1737914665239406e-12
-8.3476047255115482e-12
1.8000000000083434e+00
1.0499999999791667e+00
1.0499999999863989e+00
1.0499999999902512e+00
1.0499999999976859e+00
1.0500000000072804e+00
1.0499999999998204e+00
1.0500000000001206e+00
1.0500000000092573e+00
1.0499999999811882e+00
1.0500000000104468e+00
1.0500000000001204e+00
1.0499999999771301e+00
1.0499999999726504e+00
1.8000000000351624e+00
1.5207283349250034e-11
6.4470651039982840e-12
-5.4086179979151439e-12
6.6288259603641819e-12
3.9320265793341136e-12
8.2875752701466743e-12
-5.8734936619203593e-11
1.1177527653449815e-11
-1.2067945926418078e-11
-1.3339341783935588e-11
-2.9713419225085858e-12
-1.2120445706115257e-11
-7.2991092336938124e-13
-1.7291969288749098e-11
-3.6016838383251537e-12
1.9587340863852498e-11
1.8000000000039851e+00
1.0499999999978669e+00
1.0499999999831413e+00
1.0500000000045444e+00
1.0500000000196918e+00
1.0500000000067995e+00
1.0500000000056475e+00
1.0524999999850115e+00
1.0500000000077854e+00
1.0474999999956192e+00
1.0500000000104792e+00
1.0500000000030794e+00
1.0499999999979743e+00
1.0499999999902903e+00
1.0499999999793665e+00
1.0500000000216947e+00
1.8000000000028840e+00
-2.4352464489396652e-12
-3.0739334688778541e-12
3.1578142878352367e-12
3.6143607204386363e-11
-1.3242998711526788e-11
-1.5091680943130070e-11
-1.8875109808469404e-12
-4.0088827439957453e-11
1.9412246007703693e-11
5.6219213312447280e-12
2.9292891896848250e-11
-1.5152028720252786e-11
-4.2270267147648255e-12
-1.5220511483116095e-12
1.5654133805192982e-11
1.0500000000020964e+00
1.0499999999892318e+00
1.0500000000061163e+00
1.0500000000000433e+00
1.0500000000093821e+00
1.0499999999871570e+00
1.0500000000025560e+00
1.0499999999941036e+00
1.0499999999895040e+00
1.0500000000077552e+00
1.0499999999927667e+00
1.0500000000160625e+00
1.0500000000068890e+00
1.0500000000005174e+00
1.0500000000144822e+00
1.0499999999892675e+00
1.0499999999620762e+00
-1.6482249592941756e-11
4.3084889822520012e-11
1.5869385666666957e-11
-6.2334963579768754e-12
4.4139778637708460e-12
-3.6600061089492320e-12
4.1197711041218721e-11
-5.4930214023196644e-12
-7.4729480450139250e-12
6.7731360884476510e-12
7.7068345195191457e-12
-1.9499435703271284e-11
1.0341831991472761e-11
3.5138092956132905e-11
1.8000000000060752e+00
1.0499999999804608e+00
1.0499999999999376e+00
1.0499999999953282e+00
1.0500000000127319e+00
1.0500000000123932e+00
1.0500000000083540e+00
1.0499999999750511e+00
1.0500000000137526e+00
1.0500000000112260e+00
1.0500000000077527e+00
1.0499999999818104e+00
1.0499999999917018e+00
1.0500000000026930e+00
1.0500000000142982e+00
1.0499999999853658e+00
1.0499999999926055e+00
1.0499999999956675e+00
1.8000000000385745e+00
-9.8891311806070803e-12
-1.1241462621880416e-11
-5.3415756193220254e-11
3.2937022033385777e-11
-2.5266402685353295e-11
4.0744549444429734e-11
1.3252778215122607e-11
-2.6531830660432576e-11
3.7975882529774074e-11
1.9312066269067119e-11
-5.0665014718342949e-12
-2.4716740806840498e-11
1.8000000000173018e+00
1.0499999999789844e+00
1.0499999999882028e+00
1.0499999999963086e+00
1.0500000000349783e+00
1.0499999999981955e+00
1.0499999999849599e+00
1.0499999999762009e+00
1.0499999999940948e+00
1.0449999999984536e+00
1.0450000000271158e+00
1.0450000000260087e+00
1.0500000000058627e+00
1.0499999999794454e+00
1.0499999999994249e+00
1.0499999999947407e+00
1.0500000000123799e+00
1.0499999999790135e+00
1.0550000000350030e+00
1.0499999999899607e+00
1.7999999999769243e+00
-2.1868444555206423e-11
2.7070963526387715e-11
3.4309744281757482e-11
-3.1416745724030526e-11
-8.5924676661991439e-12
1.2508040827044486e-11
1.1340624619937678e-13
-2.6506223973522813e-11
1.3823097668678314e-12
2.5292236837878845e-12
-8.7505653764696767e-12
1.7999999999820089e+00
1.0499999999727647e+00
1.0500000000037275e+00
1.0500000000137526e+00
1.0499999999957994e+00
1.0500000000184579e+00
1.0499999999907850e+00
1.0500000000043379e+00
1.0499999999900373e+00
1.0449999999830206e+00
1.0450000000201798e+00
1.0449999999823425e+00
1.0500000000053251e+00
1.0500000000035801e+00
1.0499999999904588e+00
1.0500000000030145e+00
1.0500000000155203e+00
1.0500000000014753e+00
1.0499999999781759e+00
1.0500000000192677e+00
1.7999999999961764e+00
9.8915389767917361e-12
1.9951568175358148e-11
-2.1687143400561659e-11
-2.6298815555825250e-12
1.9222845103888941e-11
2.1008877620974468e-11
-1.2364931019186176e-11
-2.2340338671870963e-11
-2.9826047447806259e-11
-5.8558652718532223e-12
4.4014502979805581e-11
1.0500000000437804e+00
1.0499999999724696e+00
1.0499999999814380e+00
1.0500000000022738e+00
1.0500000000107881e+00
1.0499999999712808e+00
1.0500000000167722e+00
1.0500000000272889e+00
1.0449999999843207e+00
1.0449999999898774e+00
1.0449999999905617e+00
1.0449999999590349e+00
1.0450000000012580e+00
1.0500000000331342e+00
